#Definition for a colorblind friendly template.
cbbPalette <- c("#E69F00", "#56B4E9", "#009E73", "#CC79A7", "#0072B2", "#D55E00","#F0E442", "#91fb6b", "#000000", "#808080","#999999")
#Put the black color first (better on the zipf plot?)
cbbPalette2 <- c("#E69F00", "#56B4E9", "#009E73", "#CC79A7", "#0072B2", "#D55E00","#F0E442", "#000000","#91fb6b", "#808080","#999999")